caracterjämförelse

7 byte 14 (decimal antalet waypoints*2) + id byte3?

3stwpt id100
10011110 01110001 11000000 00000000

standard            24        217                       57
11111111 11111111 00011000 11011001 00000000 00000000 00111001 00010000 
stdkort
                    90        138
11111111 11111111 01011010 10001010 00000000 00000000 00000010 00000000 
stdkort3stwpt id 1-2-100
11111111 11111111 01110101 00000101 11111111 11111111 11000110 00000000 128+64 192
stdkortwpt2 (bytt namn på wpt från 1 till 2)
11111111 11111111 01100000 10001010 00000000 00000000 00000010 00000000 
stdkort12wpt (waypoint 1 och 2)
11111111 11111111 01111010 10010011 00000000 00000000 00000100 00000000 
stdkort12nykoordinat (ny koordinat på wtp2)
11111111 11111111 10111010 00010011 00000000 00000000 00000100 00000000 
stdkort123nykoordinat
                            156
11111111 11111111 11111111 10011100 00000000 00000000 00000110 00000000 


217-195 = 22
131+8*8+21=217

#Standard
11000000 00000000 00000000 00000000 00000000 00000000 00000000 00000000 00000000 00000000 00000000 00000000 
            131     4
00000000 10000011 00000100 00000000 

66          104
01000010 01101000 00000000 00000000 
65          112
01000001 01110000 00000000 00000000 
142         42      177     176       172
10001110 00101010 10110001 10110000 10101100 00000000 00000000 00000000 00000000 00000000 00000000 00000000 
            8
00000000 00001000 00000000 00000000 
199         21      88      216
11000111 00010101 01011000 11011000

66          108
01000010 01101100 00000000 00000000 
65          128
01000001 10000000 00000000 00000000 
194         45      113      176       172
11000010 00101101 01110001 10110000 10101100 00000000 00000000 00000000 00000000 00000000 00000000 00000000 
            8
00000000 00001000 00000000 00000000 
225         22      184     216
11100001 00010110 10111000 11011000

#stdkort
128
10000000 00000000 00000000 00000000 00000000 00000000 00000000 00000000 00000000 00000000 00000000 00000000 
            130     2
00000000 10000010 00000010 00000000 

00000000 00000000 00000000 00000000 
00000000 00000000 00000000 00000000 
    60
00111100 00000000 00000000 00000000 00000000 00000000 00000000 00000000 00000000 00000000 00000000 00000000 
            8
00000000 00001000 00000000 00000000 
  158
10011110 00000000 00000000 00000000

#stdkortwpt2
10000000 00000000 00000000 00000000 00000000 00000000 00000000 00000000 00000000 00000000 00000000 00000000 
00000000 10000010 00000010 00000000 

00000000 00000000 00000000 00000000 
00000000 00000000 00000000 00000000 
01000000 00000000 00000000 00000000 00000000 00000000 00000000 00000000 00000000 00000000 00000000 00000000 
00000000 00001000 00000000 00000000 
10100000 00000000 00000000 00000000

#stdkort12wpt
11000000 00000000 00000000 00000000 00000000 00000000 00000000 00000000 00000000 00000000 00000000 00000000 
00000000 10000011 00000100 00000000 

00000000 00000000 00000000 00000000 
00000000 00000000 00000000 00000000 
00111100 00000000 00000000 00000000 00000000 00000000 00000000 00000000 00000000 00000000 00000000 00000000 
00000000 00001000 00000000 00000000 
10011110 00000000 00000000 00000000 

00000000 00000000 00000000 00000000 
00000000 00000000 00000000 00000000 
01000000 00000000 00000000 00000000 00000000 00000000 00000000 00000000 00000000 00000000 00000000 00000000 
00000000 00001000 00000000 00000000 
10100000 00000000 00000000 00000000

#stdkort12nykoordinat
11000000 00000000 00000000 00000000 00000000 00000000 00000000 00000000 00000000 00000000 00000000 00000000 
00000000 10000011 00000100 00000000 

00000000 00000000 00000000 00000000 
00000000 00000000 00000000 00000000 
00111100 00000000 00000000 00000000 00000000 00000000 00000000 00000000 00000000 00000000 00000000 00000000 
00000000 00001000 00000000 00000000 
10011110 00000000 00000000 00000000 

00111111 10000000 00000000 00000000 
00000000 00000000 00000000 00000000 
01000000 00000000 00000000 00000000 00000000 00000000 00000000 00000000 00000000 00000000 00000000 00000000 
00000000 00001000 00000000 00000000 
10100000 00000000 00000000 00000000

#stdkort123nykoordinat (1-2-3)
11100000 00000000 00000000 00000000 00000000 00000000 00000000 00000000 00000000 00000000 00000000 00000000 
            132
00000000 10000100 00000110 00000000 

00000000 00000000 00000000 00000000 
00000000 00000000 00000000 00000000 
00111100 00000000 00000000 00000000 00000000 00000000 00000000 00000000 00000000 00000000 00000000 00000000 
00000000 00001000 00000000 00000000 
10011110 00000000 00000000 00000000 

00111111 10000000 00000000 00000000 
00000000 00000000 00000000 00000000 
01000000 00000000 00000000 00000000 00000000 00000000 00000000 00000000 00000000 00000000 00000000 00000000 
00000000 00001000 00000000 00000000 
10100000 00000000 00000000 00000000 

00111111 10000000 00000000 00000000 
00000000 00000000 00000000 00000000 
01000100 00000000 00000000 00000000 00000000 00000000 00000000 00000000 00000000 00000000 00000000 00000000 
00000000 00001000 00000000 00000000 
10100010 00000000 00000000 00000000

132+24=156

#stdkort3stwpt (1-2-100)
11100000 00000000 00000000 00000000 00000000 00000000 00000000 00000000 00000000 00000000 00000000 00000000 
00000000 10000100 00000110 00000000 

00000000 00000000 00000000 00000000 
00000000 00000000 00000000 00000000 
00111100 00000000 00000000 00000000 00000000 00000000 00000000 00000000 00000000 00000000 00000000 00000000 
00000000 00001000 00000000 00000000 
10011110 00000000 00000000 00000000 

00000000 00000000 00000000 00000000 
00000000 00000000 00000000 00000000 
01000000 00000000 00000000 00000000 00000000 00000000 00000000 00000000 00000000 00000000 00000000 00000000 
00000000 00001000 00000000 00000000 
10100000 00000000 00000000 00000000 

00000000 00000000 00000000 00000000 
00000000 00000000 00000000 00000000 
00111100 00000000 00000000 00000000 00000000 00000000 00000000 00000000 00000000 00000000 00000000 00000000 
00000000 00000000 00000000 00000000 
10011110 01110001 11000000 00000000
